   1.0000000e+00  -2.1850399e+00   1.0000000e+00
   1.0000000e+00  -1.4254654e-01   2.0000000e+00
   1.0000000e+00   1.1578213e+00   3.0000000e+00
   1.0000000e+00  -3.3805150e+00   4.0000000e+00
   2.0000000e+00  -1.4254654e-01   1.0000000e+00
   2.0000000e+00   1.1578213e+00   2.0000000e+00
   2.0000000e+00  -3.3805150e+00   3.0000000e+00
   2.0000000e+00  -2.9100619e-01   4.0000000e+00
   3.0000000e+00   1.1578213e+00   1.0000000e+00
   3.0000000e+00  -3.3805150e+00   2.0000000e+00
   3.0000000e+00  -2.9100619e-01   3.0000000e+00
   3.0000000e+00   8.7144798e-01   4.0000000e+00
   4.0000000e+00  -3.3805150e+00   1.0000000e+00
   4.0000000e+00  -2.9100619e-01   2.0000000e+00
   4.0000000e+00   8.7144798e-01   3.0000000e+00
   4.0000000e+00  -6.7997115e+00   4.0000000e+00
