   2.0000000e+00  -4.1614684e-01   1.0000000e+00
   3.0000000e+00  -9.8999250e-01   2.0000000e+00
   4.0000000e+00  -6.5364362e-01   3.0000000e+00
   5.0000000e+00   2.8366219e-01   4.0000000e+00
   3.0000000e+00  -9.8999250e-01   1.0000000e+00
   4.0000000e+00  -6.5364362e-01   2.0000000e+00
   5.0000000e+00   2.8366219e-01   3.0000000e+00
   6.0000000e+00   9.6017029e-01   4.0000000e+00
   4.0000000e+00  -6.5364362e-01   1.0000000e+00
   5.0000000e+00   2.8366219e-01   2.0000000e+00
   6.0000000e+00   9.6017029e-01   3.0000000e+00
   7.0000000e+00   7.5390225e-01   4.0000000e+00
   5.0000000e+00   2.8366219e-01   1.0000000e+00
   6.0000000e+00   9.6017029e-01   2.0000000e+00
   7.0000000e+00   7.5390225e-01   3.0000000e+00
   8.0000000e+00  -1.4550003e-01   4.0000000e+00
   5.0000000e+00   2.8366219e-01   4.0000000e+00
   6.0000000e+00  -2.7941550e-01   6.0000000e+00
   7.0000000e+00   6.5698660e-01   7.0000000e+00
   8.0000000e+00   9.8935825e-01   8.0000000e+00
   6.0000000e+00   9.6017029e-01   4.0000000e+00
   7.0000000e+00   6.5698660e-01   6.0000000e+00
   8.0000000e+00   9.8935825e-01   7.0000000e+00
   9.0000000e+00   4.1211849e-01   8.0000000e+00
   7.0000000e+00   7.5390225e-01   4.0000000e+00
   8.0000000e+00   9.8935825e-01   6.0000000e+00
   9.0000000e+00   4.1211849e-01   7.0000000e+00
   1.0000000e+01  -5.4402111e-01   8.0000000e+00
   8.0000000e+00  -1.4550003e-01   4.0000000e+00
   9.0000000e+00   4.1211849e-01   6.0000000e+00
   1.0000000e+01  -5.4402111e-01   7.0000000e+00
   1.1000000e+01  -9.9999021e-01   8.0000000e+00
