   1.0000000e+00  -4.1614684e-01   1.0000000e+00
   1.0000000e+00  -9.8999250e-01   2.0000000e+00
   1.0000000e+00  -6.5364362e-01   3.0000000e+00
   1.0000000e+00   2.8366219e-01   4.0000000e+00
   2.0000000e+00  -9.8999250e-01   1.0000000e+00
   2.0000000e+00  -6.5364362e-01   2.0000000e+00
   2.0000000e+00   2.8366219e-01   3.0000000e+00
   2.0000000e+00   9.6017029e-01   4.0000000e+00
   3.0000000e+00  -6.5364362e-01   1.0000000e+00
   3.0000000e+00   2.8366219e-01   2.0000000e+00
   3.0000000e+00   9.6017029e-01   3.0000000e+00
   3.0000000e+00   7.5390225e-01   4.0000000e+00
   4.0000000e+00   2.8366219e-01   1.0000000e+00
   4.0000000e+00   9.6017029e-01   2.0000000e+00
   4.0000000e+00   7.5390225e-01   3.0000000e+00
   4.0000000e+00  -1.4550003e-01   4.0000000e+00
